-170
-70
-170
-60
-170
-50
-170
-40
-170
-30
-170
-20
-170
-10
-170
0
-170
10
-170
20
-170
30
-170
40
-170
50
-170
60
-170
70
-170
80
-170
90
-170
100
-170
110
-170
120
-170
130
-170
140
-140
140
-130
140
-120
140
-110
140
-100
140
-90
140
-80
140
-70
140
-60
140
-40
140
-20
140
-20
140
-10
140
0
140
10
140
20
140
30
140
40
140
50
140
60
140
70
140
70
140
70
130
70
120
70
110
70
100
70
90
70
80
70
70
70
60
70
50
70
40
70
30
70
20
70
10
70
0
70
-10
70
-20
70
-30
70
-40
70
-50
70
-60
70
-70
60
-70
50
-70
40
-70
30
-70
20
-70
10
-70
0
-70
-10
-70
-20
-70
-30
-70
-40
-70
-50
-70
-60
-70
-70
-70
-80
-70
-90
-70
-100
-70
-110
-70
-120
-70
-130
-70
-140
-70
-150
-70
-150
140
-120
-50
