-300
-20
-240
0
-160
0
-80
0
-80
-80
-40
-80
-180
-100
-240
-120
-220
-120
-200
-120
-180
-120
-160
-120
-140
-120
-120
-120
-340
-60
-340
-40
-340
-20
-340
0
-340
20
-340
40
-340
60
-340
80
-340
100
-340
120
-340
120
-340
120
-340
120
-320
120
-300
120
-280
120
-260
120
-240
120
-220
120
-200
120
-180
120
-160
120
-140
120
-120
120
-100
120
-80
120
-80
120
-60
120
-40
120
-20
120
-20
20
-40
20
-60
20
-80
20
-100
20
-120
20
-140
20
-160
20
-180
20
-200
20
-220
20
-240
20
-260
20
-280
20
-300
20
-320
20
-340
-80
-340
-100
-340
-120
-340
-140
-320
-140
-300
-140
-280
-140
-260
-140
-240
-140
-220
-140
-200
-140
-180
-140
-160
-140
-140
-140
-120
-140
-100
-140
-80
-140
-60
-140
-40
-140
-20
-140
0
-140
20
-140
20
-100
20
-80
20
-120
0
20
20
20
20
0
20
-20
20
-60
60
-100
80
-100
100
-100
120
-100
140
-100
160
-100
180
-100
200
-100
220
-100
240
-100
260
-100
280
-100
280
-100
280
-80
280
-60
280
-40
280
-20
280
0
280
20
280
40
280
60
280
80
260
80
240
80
220
80
200
80
180
80
160
80
140
80
120
80
40
-100
20
40
0
120
20
120
40
120
60
120
80
120
100
120
120
120
120
100
60
100
220
-60
120
-80
60
0
180
20
240
20
120
0
80
80
-20
80
-60
60
-160
60
-160
100
-240
40
-260
100
-320
60
0
-20
