-150
-50
-130
-50
-150
-50
-130
-50
-120
-50
-100
-50
-90
-50
-70
-50
-60
-50
-40
-50
-30
-50
-10
-50
0
-50
20
-50
30
-50
50
-50
60
-50
80
-50
90
-50
110
-50
120
-50
140
-50
150
-50
170
-50
180
-50
200
-50
210
-50
210
-50
210
60
200
60
180
60
170
60
150
60
140
60
120
60
110
60
90
60
80
60
60
60
50
60
30
60
20
60
0
60
-10
60
-30
60
-40
60
-60
60
-70
60
-90
60
-100
60
-120
60
-130
60
-150
60
-150
60
-150
60
-150
50
-150
30
-150
20
-150
0
-150
-10
-150
-30
-150
-40
210
-40
210
-30
210
-20
210
-20
210
40
210
40
210
20
150
40
170
-30
80
-30
80
40
40
-30
-60
30
-110
10
-80
-30
